time (us), Q(t) (bytes)
0, 4096
313012, 0
500110, 4096
562221, 8192
625981, 4096
680328, 8192
766443, 12288
865523, 16384
938970, 12288
967660, 16384
1080787, 20480
1185893, 24576
1251978, 20480
1310993, 24576
1441109, 28672
1564981, 24576
1566206, 28672
1716323, 32768
1849426, 36864
1877982, 32768
2020519, 36864
2190981, 32768
2199642, 36864
2370757, 40960
2503959, 36864
2543846, 40960
2761943, 45056
2816979, 40960
2949116, 45056
3129982, 40960
3223228, 45056
3439251, 49152
3442968, 45056
3681385, 49152
3763419, 45056
4003514, 49152
4068980, 45056
4275654, 49152
4381977, 45056
4572743, 49152
4694976, 45056
4855814, 49152
5007978, 45056
5146912, 49152
5320980, 45056
5433024, 49152
5633977, 45056
5722172, 49152
5946982, 45056
6010244, 49152
6259979, 45056
6298310, 49152
6572982, 45056
6586432, 49152
6874543, 53248
6885975, 49152
7162648, 53248
7198981, 49152
7511980, 45056
7636760, 49152
7824981, 45056
7998857, 49152
8137976, 45056
8268956, 49152
8450978, 45056
8583063, 49152
8763980, 45056
8871163, 49152
9076982, 45056
9172314, 49152
9389976, 45056
9466369, 49152
9702989, 45056
9764482, 49152
10015976, 45056
10060577, 49152
10328983, 45056
10357692, 49152
10641981, 45056
10653789, 49152
10950883, 53248
10954976, 49152
11246993, 53248
11267979, 49152
11580987, 45056
11745104, 49152
11893977, 45056
12121206, 49152
12206977, 45056
12398335, 49152
12519981, 45056
12722431, 49152
12832980, 45056
13019536, 49152
13145975, 45056
13330630, 49152
13458981, 45056
13633790, 49152
13771982, 45056
13940839, 49152
14084980, 45056
14245944, 49152
14397980, 45056
14552043, 49152
14711042, 45056
14858148, 49152
15023977, 45056
15164253, 49152
15336981, 45056
15470358, 49152
15649976, 45056
15776538, 49152
15962976, 45056
16082578, 49152
16275978, 45056
16388681, 49152
16588979, 45056
16694787, 49152
16901976, 45056
17000892, 49152
17214976, 45056
17307022, 49152
17527980, 45056
17613138, 49152
17840982, 45056
17919200, 49152
18153974, 45056
18225311, 49152
18466981, 45056
18531412, 49152
18779978, 45056
18837511, 49152
19092976, 45056
19143611, 49152
19405981, 45056
19449711, 49152
19718980, 45056
19755821, 49152
20031974, 45056
20061958, 49152
20344984, 45056
20368043, 49152
20657983, 45056
20674131, 49152
20970982, 45056
20980244, 49152
21283984, 45056
21286419, 49152
21592453, 53248
21596974, 49152
21898599, 53248
21909993, 49152
22222981, 45056
22423658, 49152
22535982, 45056
22815736, 49152
22848980, 45056
23101850, 49152
23161981, 45056
23437945, 49152
23474981, 45056
23744050, 49152
23788300, 45056
24066153, 49152
24100994, 45056
24379273, 49152
24413981, 45056
24697365, 49152
24726978, 45056
25012487, 49152
25039978, 45056
25329556, 49152
25352981, 45056
25645706, 49152
25665974, 45056
25961776, 49152
25979011, 45056
26277873, 49152
26291980, 45056
26593970, 49152
26604946, 45056
26910089, 49152
26917975, 45056
27226186, 49152
27230974, 45056
27542316, 49152
27543971, 45056
27856980, 40960
27858464, 45056
28169979, 40960
28174529, 45056
28395633, 49152
28482974, 45056
28657717, 49152
28795972, 45056
29001837, 49152
29108976, 45056
29294963, 49152
29421984, 45056
29614064, 49152
29734949, 45056
29918188, 49152
30047954, 45056
30230244, 49152
30360988, 45056
30538378, 49152
30673981, 45056
30848452, 49152
30986979, 45056
31157581, 49152
31299959, 45056
31467656, 49152
31612948, 45056
31776806, 49152
31925983, 45056
32085915, 49152
32238976, 45056
32395019, 49152
32553997, 45056
32704127, 49152
32864988, 45056
33013230, 49152
33177955, 45056
33322315, 49152
33490985, 45056
33631442, 49152
33803982, 45056
33940548, 49152
34116984, 45056
34249665, 49152
34429980, 45056
34558774, 49152
34742979, 45056
34867887, 49152
35055958, 45056
35176954, 49152
35368986, 45056
35486083, 49152
35681984, 45056
35795186, 49152
35994982, 45056
36104265, 49152
36307981, 45056
36413370, 49152
36620963, 45056
36722479, 49152
36933960, 45056
37031640, 49152
37246951, 45056
37340741, 49152
37559980, 45056
37649821, 49152
37872987, 45056
37958995, 49152
38185980, 45056
38268119, 49152
38498984, 45056
38577237, 49152
38811981, 45056
38886329, 49152
39124981, 45056
39195894, 49152
39437982, 45056
39505001, 49152
39750991, 45056
39814048, 49152
40063981, 45056
40123146, 49152
40376981, 45056
40432326, 49152
40689953, 45056
40741423, 49152
41002977, 45056
41050466, 49152
41315977, 45056
41359582, 49152
41628981, 45056
41668697, 49152
41941977, 45056
41977799, 49152
42254977, 45056
42286908, 49152
42567977, 45056
42596011, 49152
42880981, 45056
42905183, 49152
43193979, 45056
43214221, 49152
43506978, 45056
43523362, 49152
43819981, 45056
43832484, 49152
44132979, 45056
44141568, 49152
44445975, 45056
44450695, 49152
44758976, 45056
44759793, 49152
45068865, 53248
45071973, 49152
45378009, 53248
45384974, 49152
45697978, 45056
45914085, 49152
46010978, 45056
46312219, 49152
46323975, 45056
46601309, 49152
46636984, 45056
46941430, 49152
46949978, 45056
47251519, 49152
47262975, 45056
47575981, 40960
47577622, 45056
47888983, 40960
47894730, 45056
48117831, 49152
48201980, 45056
48381946, 49152
48514983, 45056
48731047, 49152
48827979, 45056
49027150, 49152
49140982, 45056
49350289, 49152
49453979, 45056
49658408, 49152
49766978, 45056
49974485, 49152
50079977, 45056
50286589, 49152
50392984, 45056
50600786, 49152
50705979, 45056
50913802, 49152
51018982, 45056
51227011, 49152
51331977, 45056
51540032, 49152
51644986, 45056
51853126, 49152
51957982, 45056
52166228, 49152
52270982, 45056
52479350, 49152
52583974, 45056
52792441, 49152
52896983, 45056
53105554, 49152
53209976, 45056
53418647, 49152
53522978, 45056
53731753, 49152
53835981, 45056
54044857, 49152
54148984, 45056
54357970, 49152
54461980, 45056
54671066, 49152
54774982, 45056
54984155, 49152
55087980, 45056
55297275, 49152
55400991, 45056
55610384, 49152
55713980, 45056
55923495, 49152
56026978, 45056
56236585, 49152
56339978, 45056
56549695, 49152
56652981, 45056
56862807, 49152
56965982, 45056
57175928, 49152
57278982, 45056
57489018, 49152
57591980, 45056
57802129, 49152
57904982, 45056
58115235, 49152
58217975, 45056
58428343, 49152
58530980, 45056
58741444, 49152
58843977, 45056
59054547, 49152
59156982, 45056
59367655, 49152
59469977, 45056
59680772, 49152
59782982, 45056
59993866, 49152
60095976, 45056
60306957, 49152
60408981, 45056
60620283, 49152
60721979, 45056
60933394, 49152
61034981, 45056
61246493, 49152
61347981, 45056
61559603, 49152
61660981, 45056
61872704, 49152
61973977, 45056
62185815, 49152
62286980, 45056
62498927, 49152
62599984, 45056
62812031, 49152
62912982, 45056
63125122, 49152
63225982, 45056
63438268, 49152
63538978, 45056
63751361, 49152
63851983, 45056
64064454, 49152
64164995, 45056
64377576, 49152
64477982, 45056
64690672, 49152
64790979, 45056
65003798, 49152
65103980, 45056
65316891, 49152
65416972, 45056
65630009, 49152
65729957, 45056
65943110, 49152
66042982, 45056
66256212, 49152
66355984, 45056
66569317, 49152
66668982, 45056
66882390, 47868
66981977, 43772
67195563, 39676
67195656, 35580
67195745, 31484
67195835, 27388
67195928, 23292
67196022, 19196
67196115, 15100
67196208, 11004
67196301, 6908
67196394, 2812
67196468, 0
