time (us), pspacing (ms)
0, 500
500274, 181
681783, 181
863285, 181
1044554, 227
1272054, 227
1499569, 227
1726806, 303
2030291, 303
2333653, 303
2636999, 303
2940261, 303
3243776, 303
3547263, 303
3850773, 303
4154271, 303
4457642, 303
4760895, 303
5064326, 303
5367697, 303
5671084, 303
5974291, 303
6277653, 303
6580957, 303
6884200, 303
7187696, 454
7642068, 454
8096302, 303
8399770, 303
8703147, 303
9006667, 303
9310142, 303
9613501, 303
9916826, 303
10220154, 303
10523672, 303
10827049, 303
11130403, 303
11433762, 303
11737004, 303
12040161, 303
12343507, 303
12646884, 303
12950378, 303
13253843, 303
13557088, 303
13860595, 303
14163733, 303
14466915, 303
14770092, 303
15073282, 303
15376476, 303
15679674, 303
15982859, 303
16286081, 303
16589218, 303
16892394, 303
17195470, 303
17498618, 303
17801718, 303
18104817, 303
18407883, 303
18711089, 303
19014262, 303
19317446, 303
19620656, 303
19923866, 303
20227046, 303
20530249, 303
20833442, 303
21136526, 303
21439625, 303
21742760, 303
22045856, 303
22348926, 303
22652021, 303
22955120, 303
23258229, 303
23561327, 303
23864388, 303
24167488, 303
24470576, 303
24773666, 303
25076730, 303
25379824, 303
25682885, 303
25985949, 303
26289045, 303
26592143, 303
26895238, 303
27198342, 303
27501439, 303
27804539, 303
28107708, 303
28410773, 303
28713868, 303
29016969, 303
29320034, 303
29623134, 303
29926232, 303
30229302, 303
30532368, 303
30835467, 303
31138532, 303
31441642, 303
31744739, 303
32047842, 303
32350942, 303
32654042, 303
32957140, 303
33260265, 303
33563364, 303
33866490, 303
34169588, 303
34472692, 303
34775792, 303
35078864, 303
35381964, 303
35685082, 303
35988150, 303
36291221, 303
36594330, 303
36897402, 303
37200503, 303
37503603, 303
37806782, 303
38109929, 303
38413119, 303
38716195, 303
39019405, 303
39322511, 303
39625610, 303
39928725, 303
40231797, 303
40534866, 303
40837929, 303
41141099, 303
41444289, 303
41747435, 303
42050507, 303
42353609, 303
42656705, 303
42959775, 303
43262875, 303
43565943, 303
43869044, 303
44172156, 303
44475254, 303
44778362, 303
45081464, 303
45384573, 303
45687676, 303
45990802, 303
46293901, 303
46597002, 303
46900095, 303
47203198, 303
47506295, 303
47809419, 303
48112530, 303
48415631, 303
48718729, 303
49021831, 303
49324945, 303
49628044, 303
49931143, 303
50234244, 303
50537338, 303
50840621, 303
51143719, 303
51446820, 303
51749919, 303
52053033, 303
52356151, 303
52659220, 303
52962286, 303
53265355, 303
53568421, 303
53871554, 303
54174675, 303
54477767, 303
54780864, 303
55083932, 303
55387027, 303
55690127, 303
55993225, 303
56296322, 303
56599413, 303
56902512, 303
57205607, 303
57508722, 303
57811817, 303
58114914, 303
58417979, 303
58721112, 303
59024207, 303
59327275, 303
59630372, 303
59933480, 303
60236605, 303
60539706, 303
60842804, 303
61145895, 303
61448995, 303
61752135, 303
62055307, 303
62358519, 303
62661705, 303
62964897, 303
63268079, 303
63571270, 303
63874453, 303
64177555, 303
64480651, 303
64783719, 303
65086785, 303
65389854, 303
65692920, 303
65995990, 303
66299086, 303
66602186, 303
66905285, 303
67208384, 303
67511480, 303
67814548, 303
