time (us), pspacing (ms)
0, 500
500113, 135
635232, 298
933338, 156
1089446, 356
1445552, 182
1627664, 287
1914768, 200
2114877, 259
2373978, 293
2667085, 267
2934188, 286
3220294, 271
3491398, 282
3773511, 274
4047617, 280
4327732, 430
4757834, 307
5064945, 259
5324047, 293
5617156, 267
5884259, 456
6340364, 298
6638473, 264
6902578, 288
7190679, 270
7460795, 450
7910899, 300
8211006, 263
8474107, 290
8764220, 269
9033333, 284
9317443, 423
9740548, 310
10050655, 257
10307757, 295
10602867, 407
11009964, 316
11326070, 254
11580171, 298
11878281, 402
12280387, 319
12599492, 253
12852601, 299
13151706, 263
13414806, 289
13703911, 415
14119013, 313
14432119, 256
14688226, 296
14984334, 404
15388437, 318
15706540, 253
15959648, 299
16258753, 401
16659858, 319
16978964, 253
17232067, 299
17531169, 263
17794272, 289
18083380, 415
18498483, 313
18811591, 256
19067704, 296
19363806, 404
19767900, 318
20086006, 253
20339113, 299
20638244, 401
21039346, 319
21358455, 253
21611569, 299
21910679, 263
22173779, 289
22462889, 415
22877986, 313
23191092, 256
23447204, 296
23743317, 404
24147438, 318
24465559, 253
24718661, 299
25017769, 401
25418882, 319
25737995, 253
25991092, 299
26290201, 263
26553313, 465
27018416, 295
27313508, 266
27579606, 287
27866704, 271
28137798, 283
28420898, 425
28846007, 309
29155114, 258
29413219, 294
29707325, 408
30115436, 316
30431541, 254
30685650, 298
30983754, 264
31247868, 463
31710973, 296
32007071, 265
32272171, 287
32559273, 270
32829372, 283
33112494, 425
33537581, 309
33846682, 258
34104791, 294
34398899, 407
34805994, 316
35122096, 254
35376196, 298
35674303, 264
35938409, 463
36401509, 296
36697576, 265
36962684, 287
37249786, 270
37519903, 283
37803005, 425
38228116, 309
38537223, 258
38795338, 294
39089446, 407
39496554, 316
39812652, 254
40066760, 298
40364855, 264
40628966, 463
41092072, 296
41388182, 265
41653285, 287
41940397, 270
42210503, 448
42658611, 300
42958708, 262
43220815, 290
43510917, 269
43780026, 284
44064130, 423
44487240, 310
44797342, 257
45054451, 295
45349558, 407
45756663, 316
46072766, 254
46326865, 298
46624967, 264
46889075, 463
47352172, 296
47648280, 265
47913377, 287
48200479, 270
48470586, 448
48918697, 300
49218801, 262
49480907, 290
49771007, 269
50040115, 284
50324206, 423
50747320, 310
51057427, 257
51314528, 295
51609638, 407
52016748, 316
52332845, 254
52586950, 298
52885055, 264
53149161, 463
53612263, 296
53908369, 265
54173467, 287
54460575, 270
54730684, 448
55178798, 300
55478898, 262
55741015, 290
56031125, 269
56300236, 284
56584333, 423
57007435, 310
57317538, 257
57574645, 295
57869759, 407
58276873, 316
58592979, 254
58847098, 298
59145199, 264
59409307, 463
59872409, 296
60169626, 265
60434737, 287
60721847, 270
60991968, 283
61275175, 425
61700277, 309
62009384, 258
62267486, 294
62561580, 407
62968682, 316
63284801, 254
63538913, 298
63837026, 264
64101123, 463
64564234, 296
64860345, 265
65125448, 287
65412554, 270
65682665, 448
66130776, 300
66430884, 262
66692984, 290
66983099, 269
67252198, 284
67536306, 423
67959405, 310
68269510, 257
68526840, 295
68821953, 407
69229060, 316
69545161, 254
