time (us), pspacing (ms)
0, 500
500108, 162
662222, 195
857324, 164
1021433, 202
1223533, 169
1392639, 213
1605731, 178
1783837, 184
1967935, 213
2181035, 189
2370133, 245
2615233, 207
2822332, 220
3042446, 208
3250553, 272
3522654, 233
3755758, 253
4008868, 329
4337969, 293
4631077, 329
4960171, 323
5283274, 345
5628368, 351
5979473, 370
6349572, 269
6618672, 317
6935773, 289
7224886, 304
7529058, 295
7824154, 300
8124255, 442
8566358, 370
8936473, 299
9235595, 335
9570701, 314
9884808, 325
10209914, 319
10529027, 322
10851136, 321
11172268, 322
11494372, 321
11815476, 321
12136580, 321
12457698, 321
12778804, 321
13099913, 321
13421011, 321
13742125, 321
14063290, 321
14384406, 321
14705499, 321
15026596, 321
15347694, 237
15584800, 265
15849902, 330
16180007, 291
16471111, 311
16782216, 300
17082312, 306
17388417, 302
17690520, 304
17994622, 303
18297719, 304
18601831, 303
18904929, 304
19209037, 303
19512138, 304
19816243, 304
20120345, 304
20424450, 304
20728553, 304
21032660, 304
21336758, 304
21640863, 304
21944961, 304
22249066, 304
22553163, 304
22857265, 304
23161371, 304
23465478, 456
23921580, 378
24299680, 306
24605781, 342
24947884, 321
25268984, 332
25601100, 326
25927209, 329
26256316, 327
26583416, 328
26911525, 328
27239623, 328
27567729, 241
27808832, 270
28078946, 337
28416042, 296
28712154, 317
29029253, 305
29334361, 312
29646454, 308
29954560, 310
30264661, 309
30573770, 310
30883874, 309
31192981, 309
31502083, 309
31811194, 309
32120295, 309
32429396, 309
32738497, 309
33047604, 309
33356704, 309
33665811, 309
33974913, 309
34284028, 309
34593126, 309
34902237, 309
35211336, 309
35520454, 309
35829555, 309
36138673, 309
36447770, 309
36760092, 309
37069191, 309
37378302, 309
37687400, 309
37996512, 309
38305610, 309
38614721, 309
38923821, 309
39232932, 309
39542031, 309
39851138, 309
40160239, 309
40469349, 309
40778447, 309
41087555, 309
41396654, 309
41705759, 309
42014855, 309
42323953, 309
42633046, 309
42942153, 309
43251253, 309
43560363, 309
43869462, 309
44178571, 309
44487667, 309
44796771, 309
45105870, 309
45414974, 309
45724082, 309
46033185, 309
46342289, 309
46651384, 309
46960493, 309
47269599, 309
47578704, 309
47887809, 309
48196911, 470
48667015, 387
49054116, 313
49367233, 350
49717337, 328
50045447, 340
50385550, 333
50718662, 337
51055764, 244
51299874, 275
51574978, 344
51919088, 302
52221192, 324
52545301, 311
52856403, 318
53174515, 314
53488617, 316
53804728, 315
54119837, 316
54435946, 315
54751051, 316
55067160, 316
55383275, 316
55699383, 316
56015499, 316
56331607, 316
56647715, 316
56963824, 316
57279930, 316
57596039, 234
57830149, 262
58092258, 324
58416362, 286
58702465, 306
59008567, 295
59303673, 301
59604781, 298
59902887, 299
60202000, 298
60500414, 299
60799531, 299
61098640, 299
61397747, 299
61696853, 299
61995960, 299
62295062, 299
62594175, 299
62893288, 446
63339391, 370
63709493, 300
64009595, 335
64344700, 315
64659801, 326
64985916, 320
65306021, 323
65629140, 321
65950243, 322
66272354, 322
66594454, 322
66916566, 322
67238668, 322
67560779, 322
67882882, 322
68204989, 322
68527090, 322
68849199, 322
