time (us), pspacing (ms)
0, 500
500118, 62
562233, 118
680339, 86
766454, 99
865565, 102
967679, 113
1080788, 105
1185904, 125
1311009, 130
1441122, 125
1566223, 150
1716333, 133
1849438, 171
2020543, 179
2199643, 171
2370754, 173
2543858, 218
2761962, 187
2949066, 274
3223175, 216
3439278, 242
3681389, 322
4003493, 272
4275606, 297
4572706, 283
4855824, 291
5146925, 286
5433029, 289
5722129, 288
6010241, 288
6298339, 288
6586446, 288
6874551, 288
7162662, 474
7636759, 362
7998862, 270
8268962, 314
8583070, 288
8871171, 301
9172278, 294
9466381, 298
9764490, 296
10060592, 297
10357704, 296
10653803, 297
10950903, 296
11247005, 498
11745117, 376
12121218, 277
12398327, 324
12722429, 297
13019535, 311
13330637, 303
13633744, 307
13940845, 305
14245951, 306
14552057, 306
14858165, 306
15164266, 306
15470372, 306
15776480, 306
16082590, 306
16388697, 306
16694801, 306
17000908, 306
17307035, 306
17613118, 306
17919216, 306
18225321, 306
18531426, 306
18837527, 306
19143625, 306
19449726, 306
19755825, 306
20061955, 306
20368056, 306
20674156, 306
20980256, 306
21286360, 306
21592465, 306
21898571, 525
22423671, 392
22815764, 286
23101865, 336
23437961, 306
23744067, 322
24066170, 313
24379286, 318
24697379, 315
25012496, 317
25329587, 316
25645690, 316
25961791, 316
26277899, 316
26593997, 316
26910110, 316
27226211, 316
27542321, 316
27858428, 316
28174540, 221
28395642, 262
28657747, 344
29001855, 293
29294965, 319
29614071, 304
29918185, 312
30230285, 308
30538396, 310
30848494, 309
31157593, 310
31467706, 309
31776819, 309
32085924, 309
32395029, 309
32704134, 309
33013242, 309
33322341, 309
33631449, 309
33940555, 309
34249674, 309
34558782, 309
34867894, 309
35176994, 309
35486103, 309
35795208, 309
36104307, 309
36413411, 309
36722522, 309
37031636, 309
37340753, 309
37649853, 309
37958984, 309
38268108, 309
38577223, 309
38886333, 309
39195843, 309
39504948, 309
39814055, 309
40123157, 309
40432268, 309
40741373, 309
41050481, 309
41359592, 309
41668696, 309
41977808, 309
42286916, 309
42596017, 309
42905130, 309
43214235, 309
43523344, 309
43832447, 309
44141555, 309
44450657, 309
44759763, 309
45068875, 309
45377990, 536
45914097, 398
46312210, 289
46601314, 340
46941428, 310
47251530, 326
47577636, 317
47894736, 223
48117844, 264
48381945, 349
48731061, 296
49027165, 323
49350279, 308
49658383, 316
49974495, 312
50286592, 314
50600708, 313
50913809, 313
51226917, 313
51540022, 313
51853131, 313
52166233, 313
52479343, 313
52792446, 313
53105554, 313
53418654, 313
53731759, 313
54044864, 313
54357971, 313
54671072, 313
54984173, 313
55297279, 313
55610385, 313
55923495, 313
56236601, 313
56549705, 313
56862813, 313
57175919, 313
57489028, 313
57802132, 313
58115239, 313
58428343, 313
58741450, 313
59054553, 313
59367661, 313
59680764, 313
59993872, 313
60306969, 313
60620288, 313
60933394, 313
61246500, 313
61559603, 313
61872711, 313
62185819, 313
62498933, 313
62812038, 313
63125134, 313
63438240, 313
63751354, 313
64064460, 313
64377574, 313
64690678, 313
65003792, 313
65316894, 313
65630001, 313
65943104, 313
66256216, 313
66569319, 313
66882435, 313
